-0.025 0
-0.024 0
-0.023 0
-0.022000000000000002 0
-0.021 0
-0.02 0
-0.019000000000000003 0
-0.018000000000000002 0
-0.017 0
-0.016 0.8832462889999999
-0.015000000000000001 3.8470282819999997
-0.014000000000000002 1.413194063
-0.013000000000000001 0.372926211
-0.012 0.982076916
-0.011000000000000001 3.575937874
-0.010000000000000002 2.5479562230000004
-0.009000000000000001 0.392553906
-0.008 1.351495322
-0.006999999999999999 1.2455925840000002
-0.006000000000000002 1.7961781820000002
-0.005000000000000001 3.6626627309999997
-0.004 14.601149564999995
-0.0030000000000000027 17.168938718000003
-0.0020000000000000018 8.442160076
-0.0010000000000000009 7.750833294
0.0 3.802847723000001
0.0010000000000000009 5.805680463999999
0.0019999999999999983 3.378445242
0.002999999999999999 3.9743078499999998
0.004 2.207048112
0.0049999999999999975 2.1293674339999997
0.005999999999999998 1.5709704639999997
0.006999999999999999 0.983165872
0.008 0.9342319990000001
0.009000000000000001 1.8427068739999999
0.010000000000000002 1.338497848
0.011000000000000003 3.5892800850000004
0.011999999999999997 4.408592402
0.012999999999999998 1.4430746170000002
0.013999999999999999 2.748713553
0.015 3.4015330219999997
0.016 3.264097346
0.017 0.343589194
0.018000000000000002 0
0.018999999999999996 0
0.019999999999999997 0
0.020999999999999998 0
0.022 0
0.023 0
0.024 0
0.025 0
