-0.025 0
-0.024 0
-0.023 0
-0.022000000000000002 0
-0.021 0
-0.02 0
-0.019000000000000003 0
-0.018000000000000002 0
-0.017 0
-0.016 2.252548972
-0.015000000000000001 4.117180027
-0.014000000000000002 2.885271211
-0.013000000000000001 5.687395653000001
-0.012 3.656597372
-0.011000000000000001 3.670792243
-0.010000000000000002 3.5787285489999996
-0.009000000000000001 3.1853931969999993
-0.008 1.2058825079999997
-0.006999999999999999 2.489826743
-0.006000000000000002 1.182698078
-0.005000000000000001 1.7781615840000002
-0.004 2.9704746230000003
-0.0030000000000000027 2.313451882
-0.0020000000000000018 1.8002354209999998
-0.0010000000000000009 0.904766309
0.0 1.695425535
0.0010000000000000009 1.611249479
0.0019999999999999983 3.3681048589999993
0.002999999999999999 5.72076787
0.004 2.9664472690000006
0.0049999999999999975 2.5158092340000002
0.005999999999999998 4.388828149
0.006999999999999999 2.037942191
0.008 0
0.009000000000000001 1.4979447959999999
0.010000000000000002 3.246789545
0.011000000000000003 0
0.011999999999999997 1.3771331379999998
0.012999999999999998 0.137435678
0.013999999999999999 1.030767582
0.015 1.580510293
0.016 2.2676886819999997
0.017 6.871783885
0.018000000000000002 4.329223845999999
0.018999999999999996 0
0.019999999999999997 0
0.020999999999999998 0
0.022 0
0.023 0
0.024 0
0.025 0
