-0.025 0
-0.024 0
-0.023 0
-0.022000000000000002 0
-0.021 0
-0.02 0.451436992
-0.019000000000000003 1.393566368
-0.018000000000000002 0
-0.017 0.902873985
-0.016 1.373938672
-0.015000000000000001 1.668354102
-0.014000000000000002 0
-0.013000000000000001 0
-0.012 0.445708314
-0.011000000000000001 0.6711247510000001
-0.010000000000000002 1.4009603320000001
-0.009000000000000001 0.213821256
-0.008 1.9370644169999998
-0.006999999999999999 10.566643585999994
-0.006000000000000002 15.7244697
-0.005000000000000001 12.112331363000003
-0.004 13.893241077000004
-0.0030000000000000027 15.162543102999997
-0.0020000000000000018 7.2304584129999965
-0.0010000000000000009 9.604391841999998
0.0 4.026858536000001
0.0010000000000000009 1.519171585
0.0019999999999999983 2.3070605040000003
0.002999999999999999 2.4649433410000006
0.004 2.955811405
0.0049999999999999975 5.196399059
0.005999999999999998 1.551759103
0.006999999999999999 3.0305374470000004
0.008 5.7212171099999996
0.009000000000000001 3.797552738
0.010000000000000002 3.9115493599999995
0.011000000000000003 3.2640973449999997
0.011999999999999997 5.291273591
0.012999999999999998 9.483061762999998
0.013999999999999999 3.401533023
0.015 1.683587051
0.016 0
0.017 0
0.018000000000000002 0
0.018999999999999996 0
0.019999999999999997 0
0.020999999999999998 0
0.022 0
0.023 0
0.024 0
0.025 0
