-0.025 0
-0.024 0
-0.023 0
-0.022000000000000002 0
-0.021 0
-0.02 0
-0.019000000000000003 0
-0.018000000000000002 0
-0.017 0.843990899
-0.016 0.372926211
-0.015000000000000001 4.102188321
-0.014000000000000002 0
-0.013000000000000001 0.846349824
-0.012 2.115067656
-0.011000000000000001 2.6681281830000003
-0.010000000000000002 2.794383851
-0.009000000000000001 0.619620157
-0.008 0.48624939300000003
-0.006999999999999999 2.653200189
-0.006000000000000002 2.623292183
-0.005000000000000001 5.008519390999999
-0.004 10.008970594999997
-0.0030000000000000027 10.959028404999996
-0.0020000000000000018 8.766220643
-0.0010000000000000009 7.262303668
0.0 7.504418010999999
0.0010000000000000009 9.244660138000002
0.0019999999999999983 5.519780476
0.002999999999999999 2.59405172
0.004 1.8713270119999996
0.0049999999999999975 1.804975018
0.005999999999999998 1.814954397
0.006999999999999999 1.092209126
0.008 0.325233602
0.009000000000000001 3.409263581
0.010000000000000002 2.365018818
0.011000000000000003 3.5862874179999995
0.011999999999999997 2.3702603499999997
0.012999999999999998 0.5841016299999999
0.013999999999999999 3.2297384280000005
0.015 4.123070329999999
0.016 2.336406522
0.017 0
0.018000000000000002 0
0.018999999999999996 0
0.019999999999999997 0
0.020999999999999998 0
0.022 0
0.023 0
0.024 0
0.025 0
