-0.025 0
-0.024 0
-0.023 0
-0.022000000000000002 0
-0.021 0
-0.02 0
-0.019000000000000003 0
-0.018000000000000002 0
-0.017 0
-0.016 0
-0.015000000000000001 0
-0.014000000000000002 0
-0.013000000000000001 0
-0.012 0
-0.011000000000000001 0
-0.010000000000000002 0
-0.009000000000000001 0
-0.008 0
-0.006999999999999999 11.567564813999999
-0.006000000000000002 5.342449614
-0.005000000000000001 3.716486690000001
-0.004 0
-0.0030000000000000027 5.179284806000002
-0.0020000000000000018 0
-0.0010000000000000009 5.273009439000001
0.0 0
0.0010000000000000009 0
0.0019999999999999983 9.551779597999996
0.002999999999999999 0.824614066
0.004 1.649228132
0.0049999999999999975 9.826650956
0.005999999999999998 12.987671544
0.006999999999999999 0
0.008 0
0.009000000000000001 0
0.010000000000000002 0
0.011000000000000003 0
0.011999999999999997 0
0.012999999999999998 0
0.013999999999999999 0
0.015 0
0.016 0
0.017 0
0.018000000000000002 0
0.018999999999999996 0
0.019999999999999997 0
0.020999999999999998 0
0.022 0
0.023 0
0.024 0
0.025 0
