-0.025 0
-0.024 0
-0.023 0
-0.022000000000000002 0
-0.021 0
-0.02 0
-0.019000000000000003 0
-0.018000000000000002 0
-0.017 0.902873984
-0.016 1.040267852
-0.015000000000000001 4.200326798
-0.014000000000000002 0
-0.013000000000000001 1.4753701060000002
-0.012 2.227808752
-0.011000000000000001 2.472805746
-0.010000000000000002 2.1640722790000004
-0.009000000000000001 0.709717753
-0.008 1.192994398
-0.006999999999999999 2.1607267270000006
-0.006000000000000002 1.690490445
-0.005000000000000001 5.853967533000001
-0.004 11.436331481000002
-0.0030000000000000027 7.950928659999999
-0.0020000000000000018 4.931942258000001
-0.0010000000000000009 5.119291279999998
0.0 4.550443518000001
0.0010000000000000009 3.69020903
0.0019999999999999983 2.567522159
0.002999999999999999 1.872380878
0.004 2.216281374
0.0049999999999999975 2.4643180239999998
0.005999999999999998 0.5792086329999999
0.006999999999999999 1.5844003919999998
0.008 0.8864990229999999
0.009000000000000001 2.763087602
0.010000000000000002 2.9343536699999997
0.011000000000000003 3.440737751
0.011999999999999997 1.8210227310000002
0.012999999999999998 1.339997857
0.013999999999999999 4.123070332
0.015 4.123070332
0.016 2.130253005
0.017 0
0.018000000000000002 0
0.018999999999999996 0
0.019999999999999997 0
0.020999999999999998 0
0.022 0
0.023 0
0.024 0
0.025 0
