-0.025 0
-0.024 0
-0.023 0
-0.022000000000000002 0
-0.021 0
-0.02 0
-0.019000000000000003 0
-0.018000000000000002 0
-0.017 0.451436992
-0.016 2.257184962
-0.015000000000000001 0.490692383
-0.014000000000000002 0.7517469219999999
-0.013000000000000001 0.378820711
-0.012 1.4131940630000002
-0.011000000000000001 1.67847533
-0.010000000000000002 0.648968142
-0.009000000000000001 1.3227475389999999
-0.008 4.027539560999999
-0.006999999999999999 4.0381388099999995
-0.006000000000000002 11.032675734000005
-0.005000000000000001 9.397661196
-0.004 5.818288611999999
-0.0030000000000000027 9.193644393999996
-0.0020000000000000018 3.932333897
-0.0010000000000000009 4.495739639
0.0 6.648507712000002
0.0010000000000000009 5.898642977000001
0.0019999999999999983 4.088564738
0.002999999999999999 10.356323781000002
0.004 7.36197338
0.0049999999999999975 8.226583527999999
0.005999999999999998 6.661338138
0.006999999999999999 7.5258767429999995
0.008 2.853686963
0.009000000000000001 1.5882282949999997
0.010000000000000002 1.324768686
0.011000000000000003 2.908961758
0.011999999999999997 1.361774917
0.012999999999999998 1.146047248
0.013999999999999999 1.408715696
0.015 0.927690825
0.016 0
0.017 0
0.018000000000000002 0
0.018999999999999996 0
0.019999999999999997 0
0.020999999999999998 0
0.022 0
0.023 0
0.024 0
0.025 0
