-0.025 0
-0.024 0
-0.023 0
-0.022000000000000002 0
-0.021 0
-0.02 0
-0.019000000000000003 0
-0.018000000000000002 0.451436992
-0.017 0.372926211
-0.016 2.374951134
-0.015000000000000001 0
-0.014000000000000002 1.108074905
-0.013000000000000001 0.490692383
-0.012 1.7807684100000003
-0.011000000000000001 4.532475591
-0.010000000000000002 12.991860672999998
-0.009000000000000001 13.865761510000002
-0.008 17.40688448800001
-0.006999999999999999 15.635778262000006
-0.006000000000000002 11.513819141000006
-0.005000000000000001 13.391801576999997
-0.004 14.273072094000003
-0.0030000000000000027 4.422962367
-0.0020000000000000018 1.5502362180000002
-0.0010000000000000009 3.9516978509999996
0.0 3.479852462
0.0010000000000000009 4.237159801000001
0.0019999999999999983 0.5841016299999999
0.002999999999999999 1.0016296539999998
0.004 1.008031985
0.0049999999999999975 0.597658022
0.005999999999999998 0
0.006999999999999999 1.6560268860000003
0.008 2.80180033
0.009000000000000001 1.128619518
0.010000000000000002 1.408715697
0.011000000000000003 0.6871783890000001
0.011999999999999997 2.721695971
0.012999999999999998 7.392930861
0.013999999999999999 2.576918955
0.015 0
0.016 0.244039614
0.017 3.4653625230000005
0.018000000000000002 30.50495176999999
0.018999999999999996 0
0.019999999999999997 0
0.020999999999999998 0
0.022 0
0.023 0
0.024 0
0.025 0
