-0.025 0
-0.024 0
-0.023 0
-0.022000000000000002 0
-0.021 0
-0.02 0
-0.019000000000000003 0
-0.018000000000000002 0
-0.017 0.431809297
-0.016 1.7861202729999999
-0.015000000000000001 0.843990899
-0.014000000000000002 0.824363203
-0.013000000000000001 1.345168757
-0.012 2.170059182
-0.011000000000000001 3.369562229
-0.010000000000000002 2.448495646
-0.009000000000000001 1.5775689370000001
-0.008 0.86792096
-0.006999999999999999 2.83913077
-0.006000000000000002 5.147260805
-0.005000000000000001 13.510147860999998
-0.004 12.727581891000002
-0.0030000000000000027 9.016532794000003
-0.0020000000000000018 6.978309458999999
-0.0010000000000000009 6.481612169999999
0.0 4.16095465
0.0010000000000000009 3.3983729499999997
0.0019999999999999983 3.80047005
0.002999999999999999 2.8129945640000003
0.004 3.602677435
0.0049999999999999975 1.6043154739999999
0.005999999999999998 2.916915447
0.006999999999999999 2.029438085
0.008 2.424079514
0.009000000000000001 4.4726435470000006
0.010000000000000002 3.432459716
0.011000000000000003 2.879868267
0.011999999999999997 2.5082011189999998
0.012999999999999998 2.1989708429999997
0.013999999999999999 3.5389687020000005
0.015 4.019993574
0.016 1.992817327
0.017 0
0.018000000000000002 0
0.018999999999999996 0
0.019999999999999997 0
0.020999999999999998 0
0.022 0
0.023 0
0.024 0
0.025 0
