-0.025 0
-0.024 0
-0.023 0
-0.022000000000000002 0
-0.021 0
-0.02 0
-0.019000000000000003 0
-0.018000000000000002 0
-0.017 0
-0.016 0.863618594
-0.015000000000000001 4.396603752000001
-0.014000000000000002 0.490692383
-0.013000000000000001 0.745852422
-0.012 1.393273532
-0.011000000000000001 2.542087626
-0.010000000000000002 2.58630586
-0.009000000000000001 1.118778632
-0.008 0.435787477
-0.006999999999999999 1.6993199830000003
-0.006000000000000002 2.039577466
-0.005000000000000001 2.8906519179999997
-0.004 12.887177457999996
-0.0030000000000000027 21.287959607999994
-0.0020000000000000018 18.496253421000002
-0.0010000000000000009 11.130582571999994
0.0 7.79750003
0.0010000000000000009 4.100542629999999
0.0019999999999999983 3.5935367439999997
0.002999999999999999 4.627100603000001
0.004 2.999844278999999
0.0049999999999999975 1.461937978
0.005999999999999998 2.423341169
0.006999999999999999 2.0905558419999997
0.008 0.113923922
0.009000000000000001 1.802902449
0.010000000000000002 2.061626139
0.011000000000000003 2.125242229
0.011999999999999997 3.8982224219999995
0.012999999999999998 2.8212903849999997
0.013999999999999999 1.580510295
0.015 3.4015330239999995
0.016 4.569736284
0.017 0.927690825
0.018000000000000002 0
0.018999999999999996 0
0.019999999999999997 0
0.020999999999999998 0
0.022 0
0.023 0
0.024 0
0.025 0
