-0.025 0
-0.024 0
-0.023 0
-0.022000000000000002 0
-0.021 0
-0.02 0
-0.019000000000000003 0
-0.018000000000000002 0
-0.017 0
-0.016 0.706597032
-0.015000000000000001 2.7086219540000003
-0.014000000000000002 1.413194063
-0.013000000000000001 0
-0.012 1.8454996879999999
-0.011000000000000001 2.75704443
-0.010000000000000002 1.7146478760000001
-0.009000000000000001 1.3150555869999998
-0.008 1.021376408
-0.006999999999999999 2.8026113260000005
-0.006000000000000002 2.1699931880000003
-0.005000000000000001 8.708648109
-0.004 12.942526290000002
-0.0030000000000000027 16.928692299000005
-0.0020000000000000018 9.436729211000003
-0.0010000000000000009 9.943665187
0.0 8.041693114999994
0.0010000000000000009 13.899826473999997
0.0019999999999999983 4.093099587
0.002999999999999999 1.036503124
0.004 1.060885794
0.0049999999999999975 1.9818723690000002
0.005999999999999998 1.069631915
0.006999999999999999 1.347678533
0.008 0.18212008000000002
0.009000000000000001 2.093314038
0.010000000000000002 2.704289606
0.011000000000000003 1.8476834229999999
0.011999999999999997 2.5769189569999997
0.012999999999999998 1.099485422
0.013999999999999999 1.0651265030000001
0.015 3.779481136
0.016 6.452184166000001
0.017 1.3743567769999998
0.018000000000000002 0
0.018999999999999996 0
0.019999999999999997 0
0.020999999999999998 0
0.022 0
0.023 0
0.024 0
0.025 0
