-0.025 0
-0.024 0
-0.023 0
-0.022000000000000002 0
-0.021 0
-0.02 0
-0.019000000000000003 0
-0.018000000000000002 0
-0.017 0.902873984
-0.016 1.5113325389999999
-0.015000000000000001 2.846015821
-0.014000000000000002 0.510320078
-0.013000000000000001 1.3609658869999999
-0.012 2.456434204
-0.011000000000000001 2.434090918
-0.010000000000000002 1.7566844790000002
-0.009000000000000001 1.766203931
-0.008 1.0058385970000001
-0.006999999999999999 2.3110547620000004
-0.006000000000000002 6.716154572000001
-0.005000000000000001 22.864715159000003
-0.004 34.971233622
-0.0030000000000000027 20.351623085000003
-0.0020000000000000018 12.250191816000006
-0.0010000000000000009 10.204614449000001
0.0 8.054888669
0.0010000000000000009 6.405138944
0.0019999999999999983 3.383090957
0.002999999999999999 3.3561534349999995
0.004 4.009243225
0.0049999999999999975 3.0181903489999993
0.005999999999999998 2.190966485
0.006999999999999999 3.249381932
0.008 1.6763804
0.009000000000000001 3.8821267939999995
0.010000000000000002 5.530182234
0.011000000000000003 4.094212954
0.011999999999999997 3.262099355
0.012999999999999998 4.655321822000001
0.013999999999999999 7.0241948480000005
0.015 5.85951277
0.016 4.416450157
0.017 0.343589194
0.018000000000000002 0
0.018999999999999996 0
0.019999999999999997 0
0.020999999999999998 0
0.022 0
0.023 0
0.024 0
0.025 0
