-0.025 0
-0.024 0
-0.023 0
-0.022000000000000002 0
-0.021 0
-0.02 0
-0.019000000000000003 0.490692383
-0.018000000000000002 0.92250168
-0.017 0.804735508
-0.016 0.742404768
-0.015000000000000001 0.467617033
-0.014000000000000002 2.0787099760000003
-0.013000000000000001 0.647713945
-0.012 0.396714519
-0.011000000000000001 0.723502801
-0.010000000000000002 0.825057173
-0.009000000000000001 0.852328768
-0.008 1.2701978999999997
-0.006999999999999999 1.5892704770000001
-0.006000000000000002 9.076377206999998
-0.005000000000000001 12.002563343
-0.004 7.873035338000003
-0.0030000000000000027 6.772216026000001
-0.0020000000000000018 4.447941981
-0.0010000000000000009 7.0751600480000025
0.0 5.938798534000001
0.0010000000000000009 6.159494938000001
0.0019999999999999983 5.870617501
0.002999999999999999 9.091785087
0.004 7.735778043999999
0.0049999999999999975 12.262358281
0.005999999999999998 10.484827009
0.006999999999999999 4.752024235999998
0.008 3.3378546890000003
0.009000000000000001 0.54974271
0.010000000000000002 0.171794597
0.011000000000000003 2.542560038
0.011999999999999997 1.4774335360000002
0.012999999999999998 1.305638938
0.013999999999999999 0
0.015 0
0.016 0
0.017 0
0.018000000000000002 0
0.018999999999999996 0
0.019999999999999997 0
0.020999999999999998 0
0.022 0
0.023 0
0.024 0
0.025 0
