-0.025 0
-0.024 0
-0.023 0
-0.022000000000000002 0
-0.021 0
-0.02 0
-0.019000000000000003 0
-0.018000000000000002 0
-0.017 0
-0.016 0
-0.015000000000000001 0
-0.014000000000000002 0
-0.013000000000000001 0
-0.012 0
-0.011000000000000001 1.275800196
-0.010000000000000002 4.337720666
-0.009000000000000001 2.296440352
-0.008 3.690006718
-0.006999999999999999 2.458225242
-0.006000000000000002 6.007285221
-0.005000000000000001 4.8548546
-0.004 0.7941109599999999
-0.0030000000000000027 1.8274508310000002
-0.0020000000000000018 1.3809266930000001
-0.0010000000000000009 2.1589697130000003
0.0 0.311153557
0.0010000000000000009 1.6442158940000002
0.0019999999999999983 1.211046579
0.002999999999999999 1.7326283560000002
0.004 0
0.0049999999999999975 0.272259362
0.005999999999999998 0
0.006999999999999999 1.205720033
0.008 0.622307113
0.009000000000000001 1.2835084220000001
0.010000000000000002 1.1668258379999998
0.011000000000000003 0.427836141
0.011999999999999997 0.816778086
0.012999999999999998 0
0.013999999999999999 0.272259362
0.015 0.466730335
0.016 1.750238757
0.017 0.972354865
0.018000000000000002 0
0.018999999999999996 0.972354865
0.019999999999999997 0.427836141
0.020999999999999998 0.855672282
0.022 0.50562453
0.023 0.50562453
0.024 0.388941946
0.025 0
