-0.025 0
-0.024 0
-0.023 0
-0.022000000000000002 0
-0.021 0
-0.02 0
-0.019000000000000003 0.471064688
-0.018000000000000002 1.707609493
-0.017 0
-0.016 1.214783105
-0.015000000000000001 0.686311507
-0.014000000000000002 1.354310977
-0.013000000000000001 0.895823372
-0.012 0.396654772
-0.011000000000000001 0.469997685
-0.010000000000000002 0.909451697
-0.009000000000000001 1.387119526
-0.008 1.183860152
-0.006999999999999999 2.194042074
-0.006000000000000002 7.320513751999999
-0.005000000000000001 14.195718149999994
-0.004 11.711958527000004
-0.0030000000000000027 11.285786072999999
-0.0020000000000000018 10.862720741000004
-0.0010000000000000009 9.126269023000003
0.0 8.743536765000002
0.0010000000000000009 7.540431487
0.0019999999999999983 8.420704890000001
0.002999999999999999 9.848559258
0.004 8.634788674000001
0.0049999999999999975 10.412801581999998
0.005999999999999998 9.646211464999999
0.006999999999999999 3.9163424860000005
0.008 2.006155252
0.009000000000000001 2.8629956059999997
0.010000000000000002 0.7886389030000001
0.011000000000000003 3.1766707839999997
0.011999999999999997 2.1915120769999996
0.012999999999999998 3.536221422
0.013999999999999999 0
0.015 0
0.016 0
0.017 0
0.018000000000000002 0
0.018999999999999996 0
0.019999999999999997 0
0.020999999999999998 0
0.022 0
0.023 0
0.024 0
0.025 0
