-0.025 0
-0.024 0
-0.023 0
-0.022000000000000002 0
-0.021 0
-0.02 0
-0.019000000000000003 0
-0.018000000000000002 0
-0.017 0.451436992
-0.016 0
-0.015000000000000001 2.257184962
-0.014000000000000002 1.197289414
-0.013000000000000001 1.143600193
-0.012 1.104344802
-0.011000000000000001 2.410949601
-0.010000000000000002 1.648726406
-0.009000000000000001 0.5923182739999999
-0.008 1.391598656
-0.006999999999999999 1.931062764
-0.006000000000000002 3.8461919820000006
-0.005000000000000001 12.045313169000002
-0.004 23.035788093999997
-0.0030000000000000027 17.58973266099999
-0.0020000000000000018 10.329567746999999
-0.0010000000000000009 8.612272932999998
0.0 4.274953300000001
0.0010000000000000009 4.286350799000001
0.0019999999999999983 3.758747764000001
0.002999999999999999 3.851934353
0.004 3.939312108
0.0049999999999999975 3.555879897
0.005999999999999998 2.022036786
0.006999999999999999 2.958935524
0.008 1.590314458
0.009000000000000001 3.369236783
0.010000000000000002 5.363978541000001
0.011000000000000003 2.346652768
0.011999999999999997 4.279256697
0.012999999999999998 1.1682032599999999
0.013999999999999999 3.057943829
0.015 2.0958940850000003
0.016 3.6764043789999996
0.017 0
0.018000000000000002 0
0.018999999999999996 0
0.019999999999999997 0
0.020999999999999998 0
0.022 0
0.023 0
0.024 0
0.025 0
